52
132
192
228
272
360
484
580
688
820
964
1116
1260
1400
1532
1640
1728
1796
1908
2048
2212
2356
2504
2664
2836
2960
3128
3264
3368
3528
3628
3736
3896
3944
4040
4148
4204
4316
4432
4608
4736
4880
5024
5180
5304
5428
5612
5724
5880
5972
6076
6144
6264
6380
6456
6544
6632
6784
6864
6944
6996
7044
7140
7252
7296
7380
7476
7560
7620
7700
7776
7924
8016
8128
8252
8376
8560
8696
8800
8956
9124
9324
9468
9616
9768
9944
10116
10232
10420
10632
10844
10984
11188
11412
11596
11864
12144
12368
12588
12848
