52
100
164
196
236
268
304
352
392
416
468
548
588
672
736
844
924
1024
1104
1200
1328
1444
1516
1592
1696
1808
1920
2036
2120
2204
2304
2412
2536
2644
2772
2912
3036
3180
3380
3532
3676
3836
3976
4196
4344
4516
4692
4796
4900
5036
5224
5420
5528
5692
5844
5960
6088
6208
6368
6500
6628
6796
6980
7080
7288
7424
7488
7652
7748
7844
7936
8028
8140
8244
8336
8480
60
116
152
56
104
164
228
56
116
164
224
284
336
404
504
576
644
748
880
948
1040
1136
1256
1404
1572
1728
1872
2000
2132
2224
2376
2512
2652
2772
56
104
144
208
264
320
364
416
496
620
704
788
