10.4
25.8
12.9
25.6
16.6
8.600001
30.7
25.6
24
16.2
27.2
30
33.1
42.3
55.5
44
45.4
8.099999
23.8
40.1
18.2
29.3
47.7
52.8
24.5
32.3
46.2
43.6
20.7
34.89999
22.5
34.2
41.4
39.2
46.3
30.1
41.3
32.6
19.4
46.7
39.7
34.39999
66.7
41.1
47.2
47.1
31.4
29.6
22.4
39.39999
37.2
43.4
48.5
20.2
39
49.4
37.5
57.3
47.49999
49.6
42
54.5
29.5
40.5
78.49999
26.5
66.7
49.2
44.5
49.6
50.69999
69.3
44.4
49.7
64.2
44.7
10.8
21.1
15.6
28
13
10
32
30
45
38
43
27
13
8
22
11
4
24
8
10
2
13
19
14
39
47
25
20
29
41
7
13
20
15
13
30
43
16
31
29
46
31
23
38
48
50
