68
112
188
264
340
428
508
564
628
748
840
936
1044
1176
1252
1324
1412
1504
1584
1684
1764
1852
1956
2068
2144
2264
2344
2404
2488
2592
2708
2804
2916
2988
3048
3144
3224
3332
3448
3540
3628
3732
3820
3948
4028
4152
4268
4364
4472
4576
4684
4772
4872
4944
5064
5208
5308
5428
5544
5716
5828
5960
6056
6204
6348
6516
6720
6928
7092
7344
7492
7652
7924
8124
8340
8544
8784
9056
9260
9500
9744
9948
10216
10424
10612
10768
11032
11308
11496
11720
11940
12188
12360
12532
12736
12916
13152
13448
13656
13892
14136
