40
84
152
204
276
304
364
412
460
552
628
760
832
904
1000
1192
1344
1472
1608
1712
1832
1932
2044
2140
2232
2380
2540
2684
2784
2876
3028
3188
3380
3500
3668
3880
4056
4260
4456
4696
4876
5076
5252
5472
5708
5912
6116
6348
6536
6728
6924
7180
7300
7508
7712
7916
8124
8416
8668
8952
9180
9416
9684
9880
10148
10424
10728
10992
11300
11604
11876
12132
12388
12652
12868
13140
13396
13592
13772
13948
14164
14364
14612
14888
15088
15308
15548
15704
15960
16216
16456
16744
16980
17108
17344
17580
17800
17988
18184
18452
