36
80
160
284
424
520
652
772
884
952
1060
1168
1280
1380
1520
1644
1768
1892
1992
2112
2264
2340
2468
2556
2660
2764
2872
2976
3156
3316
3508
3584
3700
3884
4024
4160
4284
4440
4632
4756
4948
5088
5256
5468
5604
5776
5952
6100
6252
6424
6632
6784
6988
7184
7352
7488
7624
7840
8072
8328
8496
8728
8944
9124
9348
9536
9776
9940
10140
10328
10624
10896
11108
11344
11536
11784
12084
12412
12772
13112
13440
13704
13988
14296
14564
14892
15116
15396
15716
16040
16308
16624
16876
17248
17508
17860
18160
18404
18676
19036
